# APEX weather station temperature.
# hourly
# C
# 2017-07-14
1499990400.0 -6.99
1499994000.0 -8.73
1499997600.0 -6.14
1500001200.0 -9.76
1500004800.0 -10.36
1500008400.0 -11.21
1500012000.0 -8.82
1500015600.0 -9.11
1500019200.0 -9.45
1500022800.0 -7.79
1500026400.0 -7.83
1500030000.0 -8.23
1500033600.0 -8.35
1500037200.0 -8.57
1500040800.0 -6.2
1500044400.0 -5.53
1500048000.0 -4.97
1500051600.0 -5.09
1500055200.0 -4.63
1500058800.0 -4.38
1500062400.0 -4.69
1500066000.0 -5.28
1500069600.0 -6.07
1500073200.0 -7.08
1500076800.0 -7.41
# 2017-07-15
1500076800.0 -7.41
1500080400.0 -8.11
1500084000.0 -9.45
1500087600.0 -9.09
1500091200.0 -9.04
1500094800.0 -9.92
1500098400.0 -12.64
1500102000.0 -12.41
1500105600.0 -11.39
1500109200.0 -11.19
1500112800.0 -11.67
1500116400.0 -11.06
1500120000.0 -12.28
1500123600.0 -10.24
1500127200.0 -8.6
1500130800.0 -7.79
1500134400.0 -7.47
1500138000.0 -6.7
1500141600.0 -5.86
1500145200.0 -6.83
1500148800.0 -6.49
1500152400.0 -7.2
1500156000.0 -8.25
1500159600.0 -9.17
1500163200.0 -10.46
# 2017-07-16
1500163200.0 -10.46
1500166800.0 -12.28
1500170400.0 -12.75
1500174000.0 -13.39
1500177600.0 -13.02
1500181200.0 -13.21
1500184800.0 -13.62
1500188400.0 -12.56
1500192000.0 -13.33
1500195600.0 -13.67
1500199200.0 -13.93
1500202800.0 -13.71
1500206400.0 -13.49
1500210000.0 -11.76
1500213600.0 -9.97
1500217200.0 -8.75
1500220800.0 -7.98
1500224400.0 -7.99
1500228000.0 -7.03
1500231600.0 -7.14
1500235200.0 -7.51
1500238800.0 -8.2
1500242400.0 -9.76
1500246000.0 -11.88
1500249600.0 -12.39
# 2017-07-17
1500249600.0 -12.39
1500253200.0 -13.8
1500256800.0 -13.41
1500260400.0 -14.85
1500264000.0 -11.58
1500267600.0 -11.84
1500271200.0 -12.84
1500274800.0 -13.45
1500278400.0 -15.18
1500282000.0 -16.02
1500285600.0 -14.07
1500289200.0 -14.54
1500292800.0 -14.27
1500296400.0 -11.03
1500300000.0 -8.68
1500303600.0 -7.2
1500307200.0 -6.69
1500310800.0 -5.44
1500314400.0 -5.31
1500318000.0 -5.62
1500321600.0 -5.76
1500325200.0 -6.65
1500328800.0 -7.64
1500332400.0 -11.52
1500336000.0 -11.76
# 2017-07-18
1500336000.0 -11.76
1500339600.0 -8.18
1500343200.0 -8.47
1500346800.0 -8.83
1500350400.0 -9.51
1500354000.0 -10.96
1500357600.0 -10.22
1500361200.0 -10.18
1500364800.0 -10.13
1500368400.0 -10.67
1500372000.0 -9.33
1500375600.0 -9.04
1500379200.0 -9.31
1500382800.0 -8.48
1500386400.0 -6.7
1500390000.0 -6.07
1500393600.0 -5.28
1500397200.0 -3.61
1500400800.0 -3.91
1500404400.0 -3.99
1500408000.0 -4.25
1500411600.0 -4.6
1500415200.0 -6.06
1500418800.0 -9.01
1500422400.0 -7.75
# 2017-07-19
1500422400.0 -7.75
1500426000.0 -7.09
1500429600.0 -5.57
1500433200.0 -5.19
1500436800.0 -4.33
1500440400.0 -5.67
1500444000.0 -4.79
1500447600.0 -4.81
1500451200.0 -4.97
1500454800.0 -5.5
1500458400.0 -6.48
1500462000.0 -5.75
1500465600.0 -5.21
1500469200.0 -4.93
1500472800.0 -4.09
1500476400.0 -2.64
1500480000.0 -1.84
1500483600.0 -1.62
1500487200.0 -1.95
1500490800.0 -2.31
1500494400.0 -2.93
1500498000.0 -4.0
1500501600.0 -5.41
1500505200.0 -7.01
1500508800.0 -5.25
# 2017-07-20
1500508800.0 -5.25
1500512400.0 -4.8
1500516000.0 -4.12
1500519600.0 -1.7
1500523200.0 -3.25
1500526800.0 -1.31
1500530400.0 -1.83
1500534000.0 -6.35
1500537600.0 -2.13
1500541200.0 -5.28
1500544800.0 -3.62
1500548400.0 -3.64
1500552000.0 -4.08
1500555600.0 -1.75
1500559200.0 -1.01
1500562800.0 -1.14
1500566400.0 1.01
1500570000.0 1.48
1500573600.0 1.14
1500577200.0 0.09
1500580800.0 -1.38
1500584400.0 -3.16
1500588000.0 -4.07
1500591600.0 -4.72
1500595200.0 -4.29
# 2017-07-21
1500595200.0 -4.29
1500598800.0 -1.56
1500602400.0 -0.77
1500606000.0 -1.02
1500609600.0 -1.86
1500613200.0 -2.62
1500616800.0 -1.51
1500620400.0 -1.55
1500624000.0 -2.46
1500627600.0 -2.95
1500631200.0 -2.59
1500634800.0 -3.18
1500638400.0 -1.11
1500642000.0 -1.54
1500645600.0 0.34
1500649200.0 1.78
1500652800.0 2.27
1500656400.0 1.25
1500660000.0 1.18
1500663600.0 0.21
1500667200.0 -0.29
1500670800.0 -1.89
1500674400.0 -3.15
1500678000.0 -1.01
1500681600.0 -0.7
# 2017-07-22
1500681600.0 -0.7
1500685200.0 -1.17
1500688800.0 -0.99
1500692400.0 -1.61
1500696000.0 -1.62
1500699600.0 -3.51
1500703200.0 -2.6
1500706800.0 -2.97
1500710400.0 -3.18
1500714000.0 -3.51
1500717600.0 -3.72
1500721200.0 -3.48
1500724800.0 -2.68
1500728400.0 -2.96
1500732000.0 -3.68
1500735600.0 -3.82
1500739200.0 -2.74
1500742800.0 -2.64
1500746400.0 -2.62
1500750000.0 -3.12
1500753600.0 -3.93
1500757200.0 -5.12
1500760800.0 -6.49
1500764400.0 -8.87
1500768000.0 -8.14
# 2017-07-23
1500768000.0 -8.14
1500771600.0 -6.32
1500775200.0 -5.54
1500778800.0 -6.91
1500782400.0 -8.49
1500786000.0 -8.03
1500789600.0 -10.18
1500793200.0 -10.77
1500796800.0 -11.12
1500800400.0 -11.58
1500804000.0 -11.81
1500807600.0 -11.13
1500811200.0 -11.19
1500814800.0 -8.81
1500818400.0 -6.86
1500822000.0 -6.01
1500825600.0 -5.57
1500829200.0 -5.08
1500832800.0 -4.93
1500836400.0 -4.68
1500840000.0 -4.6
1500843600.0 -5.38
1500847200.0 -6.47
1500850800.0 -7.59
1500854400.0 -7.62
# 2017-07-24
1500854400.0 -7.62
1500858000.0 -7.92
1500861600.0 -5.4
1500865200.0 -7.2
1500868800.0 -6.95
1500872400.0 -6.63
1500876000.0 -5.86
1500879600.0 -6.16
1500883200.0 -5.22
1500886800.0 -5.08
1500890400.0 -3.92
1500894000.0 -3.59
1500897600.0 -3.37
1500901200.0 -2.81
1500904800.0 -3.31
1500908400.0 -1.36
1500912000.0 -0.35
1500915600.0 0.61
1500919200.0 1.05
1500922800.0 0.85
1500926400.0 -0.52
1500930000.0 -0.83
1500933600.0 -1.1
1500937200.0 -2.86
1500940800.0 -2.92
# 2017-07-25
1500940800.0 -2.92
1500944400.0 -3.24
1500948000.0 -3.36
1500951600.0 -4.46
1500955200.0 -4.82
1500958800.0 -3.73
1500962400.0 -5.8
1500966000.0 -4.07
1500969600.0 -4.07
1500973200.0 -4.6
1500976800.0 -4.71
1500980400.0 -4.68
1500984000.0 -5.3
1500987600.0 -4.7
1500991200.0 -3.55
1500994800.0 -1.82
1500998400.0 -0.35
1501002000.0 0.25
1501005600.0 0.32
1501009200.0 -0.63
1501012800.0 -1.11
1501016400.0 -1.9
1501020000.0 -3.46
1501023600.0 -4.68
1501027200.0 -3.86
# 2017-07-26
1501027200.0 -3.86
1501030800.0 -3.33
1501034400.0 -4.48
1501038000.0 -3.52
1501041600.0 -3.06
1501045200.0 -3.01
1501048800.0 -2.59
1501052400.0 -2.16
1501056000.0 -2.32
1501059600.0 -2.31
1501063200.0 -2.73
1501066800.0 -3.66
1501070400.0 -3.26
1501074000.0 -2.17
1501077600.0 0.08
1501081200.0 1.8
1501084800.0 0.49
1501088400.0 1.92
1501092000.0 2.7
1501095600.0 1.88
1501099200.0 2.08
1501102800.0 1.0
1501106400.0 -0.26
1501110000.0 -1.03
1501113600.0 -1.65
# 2017-07-27
1501113600.0 -1.65
1501117200.0 -0.97
1501120800.0 -1.55
1501124400.0 -1.19
1501128000.0 -0.65
1501131600.0 -0.71
1501135200.0 -2.48
1501138800.0 -1.88
1501142400.0 -2.99
1501146000.0 -3.05
1501149600.0 -2.23
1501153200.0 -2.25
1501156800.0 -1.62
1501160400.0 -0.13
1501164000.0 0.38
1501167600.0 1.6
1501171200.0 3.05
1501174800.0 3.99
1501178400.0 6.39
1501182000.0 3.42
1501185600.0 2.37
1501189200.0 1.76
1501192800.0 0.01
1501196400.0 -0.29
1501200000.0 -0.21
