# APEX weather station humidity.
# hourly
# %
# 2017-07-14
1499990400.0 33.34
1499994000.0 36.11
1499997600.0 28.78
1500001200.0 35.21
1500004800.0 36.3
1500008400.0 42.06
1500012000.0 40.21
1500015600.0 41.98
1500019200.0 42.25
1500022800.0 35.5
1500026400.0 34.14
1500030000.0 34.03
1500033600.0 34.87
1500037200.0 38.03
1500040800.0 32.66
1500044400.0 32.17
1500048000.0 33.82
1500051600.0 31.02
1500055200.0 32.24
1500058800.0 31.34
1500062400.0 31.41
1500066000.0 31.57
1500069600.0 33.53
1500073200.0 35.42
1500076800.0 36.64
# 2017-07-15
1500076800.0 36.64
1500080400.0 40.26
1500084000.0 46.09
1500087600.0 51.11
1500091200.0 49.44
1500094800.0 54.64
1500098400.0 64.51
1500102000.0 63.12
1500105600.0 59.66
1500109200.0 57.65
1500112800.0 60.54
1500116400.0 58.02
1500120000.0 60.33
1500123600.0 55.31
1500127200.0 51.13
1500130800.0 48.16
1500134400.0 43.92
1500138000.0 43.0
1500141600.0 41.8
1500145200.0 39.92
1500148800.0 40.4
1500152400.0 40.58
1500156000.0 43.72
1500159600.0 44.77
1500163200.0 47.65
# 2017-07-16
1500163200.0 47.65
1500166800.0 55.57
1500170400.0 58.14
1500174000.0 59.49
1500177600.0 54.01
1500181200.0 54.97
1500184800.0 57.23
1500188400.0 54.54
1500192000.0 59.7
1500195600.0 60.75
1500199200.0 61.25
1500202800.0 60.69
1500206400.0 54.91
1500210000.0 50.77
1500213600.0 44.52
1500217200.0 39.08
1500220800.0 42.71
1500224400.0 40.18
1500228000.0 33.43
1500231600.0 38.19
1500235200.0 43.07
1500238800.0 42.11
1500242400.0 47.72
1500246000.0 56.65
1500249600.0 58.42
# 2017-07-17
1500249600.0 58.42
1500253200.0 63.55
1500256800.0 65.51
1500260400.0 71.04
1500264000.0 39.27
1500267600.0 36.02
1500271200.0 34.14
1500274800.0 29.96
1500278400.0 28.56
1500282000.0 27.13
1500285600.0 19.85
1500289200.0 23.09
1500292800.0 22.66
1500296400.0 25.71
1500300000.0 21.24
1500303600.0 15.3
1500307200.0 20.95
1500310800.0 17.01
1500314400.0 20.0
1500318000.0 21.31
1500321600.0 24.75
1500325200.0 27.92
1500328800.0 29.73
1500332400.0 40.3
1500336000.0 39.4
# 2017-07-18
1500336000.0 39.4
1500339600.0 31.48
1500343200.0 35.11
1500346800.0 36.43
1500350400.0 38.22
1500354000.0 40.93
1500357600.0 37.6
1500361200.0 34.06
1500364800.0 32.3
1500368400.0 32.98
1500372000.0 30.68
1500375600.0 27.74
1500379200.0 25.52
1500382800.0 22.93
1500386400.0 17.07
1500390000.0 21.43
1500393600.0 23.61
1500397200.0 21.17
1500400800.0 22.47
1500404400.0 22.34
1500408000.0 22.83
1500411600.0 24.58
1500415200.0 26.12
1500418800.0 31.01
1500422400.0 29.58
# 2017-07-19
1500422400.0 29.58
1500426000.0 25.92
1500429600.0 13.42
1500433200.0 6.3
1500436800.0 4.53
1500440400.0 5.58
1500444000.0 4.04
1500447600.0 4.34
1500451200.0 4.06
1500454800.0 3.6
1500458400.0 3.91
1500462000.0 3.17
1500465600.0 1.86
1500469200.0 2.13
1500472800.0 1.85
1500476400.0 3.55
1500480000.0 7.95
1500483600.0 9.69
1500487200.0 11.28
1500490800.0 17.82
1500494400.0 15.63
1500498000.0 21.65
1500501600.0 20.22
1500505200.0 20.69
1500508800.0 16.87
# 2017-07-20
1500508800.0 16.87
1500512400.0 11.35
1500516000.0 8.43
1500519600.0 1.86
1500523200.0 3.24
1500526800.0 0.73
1500530400.0 0.87
1500534000.0 3.98
1500537600.0 0.75
1500541200.0 1.89
1500544800.0 1.95
1500548400.0 2.22
1500552000.0 2.33
1500555600.0 1.18
1500559200.0 2.43
1500562800.0 13.34
1500566400.0 6.73
1500570000.0 9.72
1500573600.0 4.54
1500577200.0 9.11
1500580800.0 13.9
1500584400.0 17.56
1500588000.0 16.47
1500591600.0 12.88
1500595200.0 13.75
# 2017-07-21
1500595200.0 13.75
1500598800.0 3.57
1500602400.0 1.99
1500606000.0 2.0
1500609600.0 2.87
1500613200.0 3.6
1500616800.0 2.15
1500620400.0 2.16
1500624000.0 3.01
1500627600.0 3.87
1500631200.0 3.28
1500634800.0 3.92
1500638400.0 1.31
1500642000.0 4.25
1500645600.0 2.39
1500649200.0 2.85
1500652800.0 2.82
1500656400.0 11.12
1500660000.0 7.98
1500663600.0 9.13
1500667200.0 8.19
1500670800.0 12.32
1500674400.0 13.08
1500678000.0 6.06
1500681600.0 4.18
# 2017-07-22
1500681600.0 4.18
1500685200.0 3.29
1500688800.0 2.66
1500692400.0 4.06
1500696000.0 4.23
1500699600.0 4.41
1500703200.0 3.62
1500706800.0 5.28
1500710400.0 4.23
1500714000.0 5.71
1500717600.0 4.77
1500721200.0 4.07
1500724800.0 2.26
1500728400.0 3.49
1500732000.0 9.3
1500735600.0 17.46
1500739200.0 9.36
1500742800.0 8.89
1500746400.0 12.73
1500750000.0 17.35
1500753600.0 13.84
1500757200.0 16.83
1500760800.0 23.08
1500764400.0 26.63
1500768000.0 24.25
# 2017-07-23
1500768000.0 24.25
1500771600.0 20.29
1500775200.0 30.87
1500778800.0 30.37
1500782400.0 38.43
1500786000.0 34.0
1500789600.0 40.35
1500793200.0 37.91
1500796800.0 39.68
1500800400.0 39.54
1500804000.0 38.64
1500807600.0 41.94
1500811200.0 46.75
1500814800.0 49.33
1500818400.0 49.52
1500822000.0 40.39
1500825600.0 39.3
1500829200.0 40.39
1500832800.0 39.53
1500836400.0 39.76
1500840000.0 38.97
1500843600.0 39.75
1500847200.0 42.62
1500850800.0 47.27
1500854400.0 48.36
# 2017-07-24
1500854400.0 48.36
1500858000.0 48.53
1500861600.0 22.38
1500865200.0 35.15
1500868800.0 33.35
1500872400.0 18.7
1500876000.0 7.6
1500879600.0 5.28
1500883200.0 4.44
1500886800.0 3.97
1500890400.0 2.48
1500894000.0 2.13
1500897600.0 2.26
1500901200.0 2.88
1500904800.0 7.76
1500908400.0 6.78
1500912000.0 4.04
1500915600.0 13.83
1500919200.0 5.79
1500922800.0 8.95
1500926400.0 17.69
1500930000.0 13.41
1500933600.0 12.56
1500937200.0 17.56
1500940800.0 9.32
# 2017-07-25
1500940800.0 9.32
1500944400.0 6.98
1500948000.0 9.21
1500951600.0 10.55
1500955200.0 8.87
1500958800.0 8.58
1500962400.0 9.79
1500966000.0 7.27
1500969600.0 4.42
1500973200.0 4.55
1500976800.0 4.74
1500980400.0 5.93
1500984000.0 8.29
1500987600.0 10.77
1500991200.0 13.95
1500994800.0 15.39
1500998400.0 12.19
1501002000.0 11.86
1501005600.0 16.32
1501009200.0 16.7
1501012800.0 15.71
1501016400.0 21.58
1501020000.0 25.94
1501023600.0 26.6
1501027200.0 22.49
# 2017-07-26
1501027200.0 22.49
1501030800.0 15.42
1501034400.0 13.65
1501038000.0 10.1
1501041600.0 6.63
1501045200.0 4.77
1501048800.0 3.05
1501052400.0 3.66
1501056000.0 3.14
1501059600.0 1.75
1501063200.0 1.74
1501066800.0 2.88
1501070400.0 4.12
1501074000.0 4.11
1501077600.0 2.76
1501081200.0 3.76
1501084800.0 4.33
1501088400.0 5.87
1501092000.0 9.78
1501095600.0 6.22
1501099200.0 6.1
1501102800.0 7.22
1501106400.0 8.83
1501110000.0 9.01
1501113600.0 4.57
# 2017-07-27
1501113600.0 4.57
1501117200.0 2.98
1501120800.0 3.02
1501124400.0 2.72
1501128000.0 2.45
1501131600.0 2.62
1501135200.0 3.18
1501138800.0 2.93
1501142400.0 3.44
1501146000.0 3.73
1501149600.0 3.43
1501153200.0 3.33
1501156800.0 3.41
1501160400.0 3.69
1501164000.0 9.11
1501167600.0 7.27
1501171200.0 6.52
1501174800.0 4.28
1501178400.0 1.63
1501182000.0 8.74
1501185600.0 9.91
1501189200.0 10.56
1501192800.0 10.87
1501196400.0 9.36
1501200000.0 5.81
