# APEX weather station pressure.
# hourly
# mBar
# 2017-07-14
1499990400.0 556.49
1499994000.0 556.52
1499997600.0 556.41
1500001200.0 556.56
1500004800.0 556.34
1500008400.0 556.11
1500012000.0 555.69
1500015600.0 555.46
1500019200.0 555.18
1500022800.0 554.91
1500026400.0 555.06
1500030000.0 555.21
1500033600.0 555.4
1500037200.0 555.42
1500040800.0 555.67
1500044400.0 555.63
1500048000.0 555.47
1500051600.0 555.14
1500055200.0 554.68
1500058800.0 554.3
1500062400.0 554.3
1500066000.0 554.38
1500069600.0 554.51
1500073200.0 554.51
1500076800.0 554.61
# 2017-07-15
1500076800.0 554.61
1500080400.0 554.5
1500084000.0 554.37
1500087600.0 554.4
1500091200.0 554.22
1500094800.0 553.98
1500098400.0 553.53
1500102000.0 553.23
1500105600.0 552.86
1500109200.0 552.54
1500112800.0 552.47
1500116400.0 552.68
1500120000.0 552.98
1500123600.0 553.27
1500127200.0 553.43
1500130800.0 553.56
1500134400.0 553.53
1500138000.0 553.01
1500141600.0 552.74
1500145200.0 552.56
1500148800.0 552.2
1500152400.0 552.3
1500156000.0 552.43
1500159600.0 552.64
1500163200.0 552.93
# 2017-07-16
1500163200.0 552.93
1500166800.0 552.63
1500170400.0 552.73
1500174000.0 552.48
1500177600.0 552.23
1500181200.0 552.03
1500184800.0 551.84
1500188400.0 551.59
1500192000.0 551.11
1500195600.0 550.92
1500199200.0 550.97
1500202800.0 550.98
1500206400.0 550.92
1500210000.0 551.06
1500213600.0 551.39
1500217200.0 551.23
1500220800.0 550.98
1500224400.0 550.97
1500228000.0 550.62
1500231600.0 550.47
1500235200.0 550.6
1500238800.0 550.27
1500242400.0 550.4
1500246000.0 550.29
1500249600.0 550.39
# 2017-07-17
1500249600.0 550.39
1500253200.0 550.67
1500256800.0 550.62
1500260400.0 550.73
1500264000.0 550.73
1500267600.0 550.74
1500271200.0 550.69
1500274800.0 550.77
1500278400.0 550.66
1500282000.0 550.74
1500285600.0 550.76
1500289200.0 551.19
1500292800.0 551.73
1500296400.0 552.34
1500300000.0 552.8
1500303600.0 553.13
1500307200.0 553.06
1500310800.0 552.95
1500314400.0 552.57
1500318000.0 552.46
1500321600.0 552.74
1500325200.0 553.0
1500328800.0 553.09
1500332400.0 553.29
1500336000.0 553.73
# 2017-07-18
1500336000.0 553.73
1500339600.0 554.14
1500343200.0 554.31
1500346800.0 554.54
1500350400.0 554.84
1500354000.0 554.89
1500357600.0 554.55
1500361200.0 554.13
1500364800.0 553.98
1500368400.0 554.04
1500372000.0 554.28
1500375600.0 554.63
1500379200.0 554.96
1500382800.0 555.35
1500386400.0 555.81
1500390000.0 555.92
1500393600.0 555.74
1500397200.0 555.5
1500400800.0 555.35
1500404400.0 555.23
1500408000.0 555.2
1500411600.0 555.4
1500415200.0 555.72
1500418800.0 555.89
1500422400.0 556.04
# 2017-07-19
1500422400.0 556.04
1500426000.0 556.13
1500429600.0 556.1
1500433200.0 556.22
1500436800.0 556.15
1500440400.0 556.14
1500444000.0 555.9
1500447600.0 555.67
1500451200.0 555.4
1500454800.0 555.29
1500458400.0 555.34
1500462000.0 555.64
1500465600.0 555.75
1500469200.0 556.14
1500472800.0 556.54
1500476400.0 556.58
1500480000.0 556.39
1500483600.0 555.99
1500487200.0 555.48
1500490800.0 555.45
1500494400.0 555.4
1500498000.0 555.38
1500501600.0 555.58
1500505200.0 555.72
1500508800.0 555.76
# 2017-07-20
1500508800.0 555.76
1500512400.0 555.9
1500516000.0 555.97
1500519600.0 555.95
1500523200.0 555.89
1500526800.0 555.66
1500530400.0 555.25
1500534000.0 554.83
1500537600.0 554.53
1500541200.0 554.59
1500544800.0 554.77
1500548400.0 555.01
1500552000.0 555.18
1500555600.0 555.42
1500559200.0 555.85
1500562800.0 555.88
1500566400.0 555.76
1500570000.0 555.12
1500573600.0 554.71
1500577200.0 554.44
1500580800.0 554.37
1500584400.0 554.56
1500588000.0 554.72
1500591600.0 554.91
1500595200.0 555.25
# 2017-07-21
1500595200.0 555.25
1500598800.0 555.44
1500602400.0 555.76
1500606000.0 555.9
1500609600.0 555.81
1500613200.0 555.67
1500616800.0 555.45
1500620400.0 554.97
1500624000.0 554.72
1500627600.0 554.64
1500631200.0 554.74
1500634800.0 555.07
1500638400.0 555.34
1500642000.0 555.44
1500645600.0 555.74
1500649200.0 555.79
1500652800.0 555.55
1500656400.0 555.27
1500660000.0 554.86
1500663600.0 554.59
1500667200.0 554.48
1500670800.0 554.55
1500674400.0 554.68
1500678000.0 554.89
1500681600.0 555.19
# 2017-07-22
1500681600.0 555.19
1500685200.0 555.37
1500688800.0 555.48
1500692400.0 555.68
1500696000.0 555.5
1500699600.0 555.26
1500703200.0 555.04
1500706800.0 554.74
1500710400.0 554.52
1500714000.0 554.44
1500717600.0 554.63
1500721200.0 554.91
1500724800.0 555.06
1500728400.0 555.39
1500732000.0 555.7
1500735600.0 555.86
1500739200.0 555.67
1500742800.0 555.25
1500746400.0 554.82
1500750000.0 554.49
1500753600.0 554.43
1500757200.0 554.55
1500760800.0 554.68
1500764400.0 554.84
1500768000.0 555.14
# 2017-07-23
1500768000.0 555.14
1500771600.0 555.24
1500775200.0 555.43
1500778800.0 555.43
1500782400.0 555.08
1500786000.0 554.76
1500789600.0 554.17
1500793200.0 553.67
1500796800.0 553.4
1500800400.0 553.26
1500804000.0 553.44
1500807600.0 553.72
1500811200.0 554.03
1500814800.0 554.39
1500818400.0 554.73
1500822000.0 554.86
1500825600.0 554.86
1500829200.0 554.58
1500832800.0 554.27
1500836400.0 554.27
1500840000.0 554.37
1500843600.0 554.65
1500847200.0 554.88
1500850800.0 555.11
1500854400.0 555.43
# 2017-07-24
1500854400.0 555.43
1500858000.0 555.33
1500861600.0 555.43
1500865200.0 555.55
1500868800.0 555.55
1500872400.0 555.53
1500876000.0 555.32
1500879600.0 555.11
1500883200.0 555.0
1500886800.0 555.05
1500890400.0 555.34
1500894000.0 555.41
1500897600.0 555.73
1500901200.0 556.13
1500904800.0 556.55
1500908400.0 556.72
1500912000.0 556.69
1500915600.0 556.63
1500919200.0 556.23
1500922800.0 556.08
1500926400.0 556.06
1500930000.0 556.16
1500933600.0 556.07
1500937200.0 556.17
1500940800.0 556.51
# 2017-07-25
1500940800.0 556.51
1500944400.0 556.72
1500948000.0 556.93
1500951600.0 556.96
1500955200.0 556.98
1500958800.0 556.87
1500962400.0 556.68
1500966000.0 556.45
1500969600.0 556.29
1500973200.0 556.16
1500976800.0 556.1
1500980400.0 556.4
1500984000.0 556.63
1500987600.0 557.11
1500991200.0 557.51
1500994800.0 557.52
1500998400.0 557.4
1501002000.0 557.08
1501005600.0 556.76
1501009200.0 556.71
1501012800.0 556.94
1501016400.0 557.08
1501020000.0 557.28
1501023600.0 557.46
1501027200.0 557.7
# 2017-07-26
1501027200.0 557.7
1501030800.0 557.82
1501034400.0 557.78
1501038000.0 557.83
1501041600.0 557.62
1501045200.0 557.45
1501048800.0 557.15
1501052400.0 556.74
1501056000.0 556.57
1501059600.0 556.48
1501063200.0 556.62
1501066800.0 556.74
1501070400.0 557.04
1501074000.0 557.27
1501077600.0 557.51
1501081200.0 557.63
1501084800.0 557.59
1501088400.0 557.23
1501092000.0 556.79
1501095600.0 556.72
1501099200.0 556.64
1501102800.0 556.74
1501106400.0 556.83
1501110000.0 557.08
1501113600.0 557.31
# 2017-07-27
1501113600.0 557.31
1501117200.0 557.32
1501120800.0 557.31
1501124400.0 557.4
1501128000.0 557.16
1501131600.0 556.96
1501135200.0 556.84
1501138800.0 556.63
1501142400.0 556.45
1501146000.0 556.31
1501149600.0 556.42
1501153200.0 556.52
1501156800.0 556.7
1501160400.0 557.08
1501164000.0 557.35
1501167600.0 557.28
1501171200.0 557.27
1501174800.0 557.13
1501178400.0 556.69
1501182000.0 556.38
1501185600.0 556.29
1501189200.0 556.36
1501192800.0 556.37
1501196400.0 556.55
1501200000.0 556.71
